translation: [0.0, -203.3683215379001, 676.7727288213005]
rotation: [24.0, 0.0, 0.0]
plotPrecision: 10.0