[System Calibration]
Legal=1
Calibration_Type=Beam model
Cam1_SeriesName=unknown
ccdWidth=1921
ccdHeight=1081
tftWidth=2560.000000000000000000
tftHeight=2048.000000000000000000
tftPixelSizeX(mm)=0.165000000000000010
tftPixelSizeY(mm)=0.165000000000000010
TFT_ax=0.279252680319092730
TFT_ay=-0.000000000000000000
TFT_az=0.000000000000000000
TFT_tx=0.000000000000000000
TFT_ty=240.000000000000000000
TFT_tz=50.000000000000000000
Ref_a=-0.000000000000000000
Ref_b=0.445228685308536100
Ref_c=220.000000000000000000
Ref_i=960.000000000000000000
Ref_j=540.000000000000000000
